0.5100146555935515
0.49926722032242304
0.4924279433317049
0.4948705422569614
0.5056179775280899
0.487542745481192
0.47923790913532
0.4948705422569614
0.4890083048363459
0.49926722032242304
0.5026868588177821
0.49829018075232046
0.4870542256961407
0.5002442598925256
0.49829018075232046
0.49926722032242304
0.4684904738641915
0.4934049829018075
0.5036638983878847
0.5075720566682951
0.5051294577430386
0.5007327796775769
0.49291646311675624
0.5002442598925256
0.48851978505129456
0.49291646311675624
0.49047386419149974
0.4978016609672692
0.4880312652662433
0.49193942354665365
0.49193942354665365
0.49731314118221787
0.5002442598925256
0.49145090376160233
0.49975574010747437
0.49731314118221787
0.4924279433317049
0.5163654127992183
0.49926722032242304
0.49291646311675624
0.4953590620420127
0.5095261358085003
0.5129457743038593
0.4987787005373718
0.4890083048363459
0.4968246213971666
0.4968246213971666
0.48949682462139715
0.495847581827064
0.48949682462139715
0.5065950170981924
0.5051294577430386
0.504152418172936
0.5031753786028335
0.4924279433317049
0.49047386419149974
0.4968246213971666
0.5114802149487054
0.49047386419149974
0.4953590620420127
0.4836345872007816
0.5007327796775769
0.4987787005373718
0.5075720566682951
0.49926722032242304
0.5144113336590131
0.5109916951636542
0.49829018075232046
0.5061064973131412
0.4953590620420127
0.5183194919394235
0.48070346849047385
0.49731314118221787
0.4953590620420127
0.4748412310698583
0.49829018075232046
0.4846116267708842
0.49829018075232046
0.517342452369321
0.5056179775280899
0.49829018075232046
0.49193942354665365
0.46653639472398634
0.5051294577430386
0.5007327796775769
0.4865657059110894
0.49193942354665365
0.4968246213971666
0.5095261358085003
0.517342452369321
0.5031753786028335
0.5197850512945774
0.4865657059110894
0.4772838299951148
0.5061064973131412
0.4855886663409868
0.4978016609672692
0.48949682462139715
0.48412310698583294
0.49145090376160233
